jails:
  lil_boxer_23:
    world: 69244987-1a91-4193-9c1e-5dbe91bb37e4
    world-name: world
    x: 231.11698544989406
    y: 74.0
    z: 207.68108214907636
    yaw: -2.32647705078125
    pitch: 30.449996948242188
  panipuri72:
    world: 69244987-1a91-4193-9c1e-5dbe91bb37e4
    world-name: world
    x: 2056.9301504014666
    y: 15.0
    z: 601.5307977266306
    yaw: 87.494384765625
    pitch: 20.2499942779541
