spawns:
  default:
    world: 69244987-1a91-4193-9c1e-5dbe91bb37e4
    world-name: world
    x: -26.69999998807907
    y: 62.0
    z: 116.30000001192093
    yaw: 334.6475830078125
    pitch: 50.999996185302734
  les:
    world: 69244987-1a91-4193-9c1e-5dbe91bb37e4
    world-name: world
    x: 2051.079771508095
    y: 66.0
    z: 568.6805411639464
    yaw: -119.75940704345703
    pitch: 21.599994659423828
