world: 69244987-1a91-4193-9c1e-5dbe91bb37e4
world-name: world
x: -30.907256225754942
y: 67.0
z: 109.98865884778363
yaw: 12.44757080078125
pitch: 15.000009536743164
name: spawn
lastowner: 2eb6166f-e142-323b-a94f-a805831753e4
